Chains MCMC chain (1000×78×4 Array{Float64, 3}):

Iterations        = 1:1:1000
Number of chains  = 4
Samples per chain = 1000
Wall duration     = 165.32 seconds
Compute duration  = 636.16 seconds
parameters        = A_mu_pr, A_sigma, alpha_mu_pr, alpha_sigma, cons_mu_pr, cons_sigma, lambda_mu_pr, lambda_sigma, A_pr[1], A_pr[2], A_pr[3], A_pr[4], A_pr[5], A_pr[6], A_pr[7], A_pr[8], A_pr[9], A_pr[10], A_pr[11], A_pr[12], A_pr[13], A_pr[14], A_pr[15], alpha_pr[1], alpha_pr[2], alpha_pr[3], alpha_pr[4], alpha_pr[5], alpha_pr[6], alpha_pr[7], alpha_pr[8], alpha_pr[9], alpha_pr[10], alpha_pr[11], alpha_pr[12], alpha_pr[13], alpha_pr[14], alpha_pr[15], cons_pr[1], cons_pr[2], cons_pr[3], cons_pr[4], cons_pr[5], cons_pr[6], cons_pr[7], cons_pr[8], cons_pr[9], cons_pr[10], cons_pr[11], cons_pr[12], cons_pr[13], cons_pr[14], cons_pr[15], lambda_pr[1], lambda_pr[2], lambda_pr[3], lambda_pr[4], lambda_pr[5], lambda_pr[6], lambda_pr[7], lambda_pr[8], lambda_pr[9], lambda_pr[10], lambda_pr[11], lambda_pr[12], lambda_pr[13], lambda_pr[14], lambda_pr[15]
internals         = lp, n_steps, is_accept, acceptance_rate, log_density, hamiltonian_energy, hamiltonian_energy_error, numerical_error, step_size, nom_step_size

Summary Statistics
     parameters      mean       std      mcse   ess_bulk   ess_tail      rhat   ess_per_sec
         Symbol   Float64   Float64   Float64    Float64    Float64   Float64       Float64

        A_mu_pr    0.0139    0.9958    0.0566   311.3479   721.5833    1.0080        0.4894
        A_sigma    0.8231    0.4106    0.0435    85.3815   161.6267    1.0247        0.1342
    alpha_mu_pr    0.0207    0.9464    0.0612   242.4706   495.0727    1.0281        0.3811
    alpha_sigma    0.7442    0.4574    0.0557    65.7248   164.9945    1.0757        0.1033
     cons_mu_pr   -0.0823    0.9779    0.0596   268.2286   558.5158    1.0141        0.4216
     cons_sigma    0.7753    0.4451    0.0472    90.4651   175.0592    1.0407        0.1422
   lambda_mu_pr    0.0759    0.9981    0.0637   245.2835   495.8735    1.0170        0.3856
   lambda_sigma    0.7179    0.4265    0.0434    82.6845    86.9377    1.0492        0.1300
        A_pr[1]   -0.0170    1.0160    0.0595   294.9407   415.5572    1.0117        0.4636
        A_pr[2]   -0.0293    0.9747    0.0683   204.7099   583.9314    1.0277        0.3218
        A_pr[3]   -0.0905    0.9994    0.0610   268.9215   577.5764    1.0156        0.4227
        A_pr[4]   -0.1123    1.0092    0.0630   256.1761   596.6039    1.0133        0.4027
        A_pr[5]    0.0136    0.9974    0.0607   273.8146   537.6700    1.0271        0.4304
        A_pr[6]   -0.0469    1.0381    0.0623   283.7529   321.8499    1.0131        0.4460
        A_pr[7]    0.0099    0.9811    0.0586   280.0615   560.5396    1.0170        0.4402
        A_pr[8]   -0.0078    0.9771    0.0555   310.6474   399.8565    1.0182        0.4883
        A_pr[9]   -0.0011    0.9682    0.0597   263.1611   429.2590    1.0153        0.4137
       A_pr[10]    0.0070    0.9790    0.0603   263.3869   530.3813    1.0172        0.4140
       A_pr[11]    0.0865    0.9449    0.0512   338.9978   653.1548    1.0165        0.5329
       A_pr[12]   -0.0280    0.9853    0.0608   261.2055   753.1164    1.0127        0.4106
       A_pr[13]    0.0398    0.9788    0.0614   253.5432   517.7417    1.0069        0.3986
       A_pr[14]    0.0103    0.9750    0.0730   183.0635   451.5710    1.0360        0.2878
       A_pr[15]   -0.0701    1.0414    0.0680   235.1054   445.0717    1.0045        0.3696
    alpha_pr[1]    0.0285    1.0215    0.0675   229.2303   556.9594    1.0120        0.3603
    alpha_pr[2]   -0.0015    0.9797    0.0583   283.0215   610.3171    1.0023        0.4449
    alpha_pr[3]    0.0350    0.9897    0.0616   258.4881   409.2857    1.0122        0.4063
    alpha_pr[4]    0.1304    1.0231    0.0765   181.0102   161.4993    1.0225        0.2845
    alpha_pr[5]   -0.0791    1.0128    0.0598   287.5509   672.0962    1.0135        0.4520
    alpha_pr[6]    0.0777    1.0410    0.0687   230.4705   600.4036    1.0091        0.3623
    alpha_pr[7]    0.0304    0.9923    0.0598   275.4262   602.8798    1.0156        0.4329
    alpha_pr[8]   -0.1197    0.9637    0.0617   246.5127   479.3770    1.0137        0.3875
    alpha_pr[9]    0.0368    1.0113    0.0572   313.3775   641.5483    1.0060        0.4926
   alpha_pr[10]    0.0234    0.9677    0.0590   270.0336   502.1949    1.0139        0.4245
   alpha_pr[11]   -0.0433    0.9988    0.0663   228.0153   656.2160    1.0165        0.3584
   alpha_pr[12]   -0.0223    1.0216    0.0622   269.5640   518.9876    1.0113        0.4237
   alpha_pr[13]    0.0154    1.0501    0.0684   238.2400   627.3902    1.0081        0.3745
   alpha_pr[14]   -0.0424    1.0077    0.0647   246.1566   466.2033    1.0210        0.3869
   alpha_pr[15]   -0.0306    1.0292    0.0706   212.4363   451.7201    1.0163        0.3339
     cons_pr[1]   -0.0013    0.9817    0.0623   248.3504   624.6484    1.0106        0.3904
     cons_pr[2]   -0.1377    0.9658    0.0589   268.9504   589.2890    1.0138        0.4228
     cons_pr[3]    0.1015    0.9856    0.0617   253.7636   567.8946    1.0226        0.3989
     cons_pr[4]    0.1134    0.9961    0.0608   269.2168   572.8525    1.0114        0.4232
     cons_pr[5]    0.0396    1.0171    0.0672   230.8801   442.7496    1.0084        0.3629
     cons_pr[6]    0.0243    1.0022    0.0664   227.7118   564.8540    1.0144        0.3579
     cons_pr[7]    0.0071    0.9563    0.0589   264.9131   473.0240    1.0093        0.4164
     cons_pr[8]    0.0006    0.9714    0.0529   337.6567   688.6254    1.0108        0.5308
     cons_pr[9]   -0.1895    1.0017    0.0621   261.2373   703.6870    1.0303        0.4106
    cons_pr[10]   -0.0465    0.9701    0.0551   311.3649   634.3192    1.0136        0.4894
    cons_pr[11]    0.0530    1.0238    0.0617   274.8175   593.9566    1.0220        0.4320
    cons_pr[12]    0.0732    1.0201    0.0581   313.8638   601.1766    1.0054        0.4934
    cons_pr[13]    0.0116    0.9971    0.0672   222.1423   508.8532    1.0142        0.3492
    cons_pr[14]   -0.0427    0.9940    0.0599   276.1994   681.1104    1.0079        0.4342
    cons_pr[15]    0.0202    0.9806    0.0632   239.8524   550.9616    1.0098        0.3770
   lambda_pr[1]   -0.0223    1.0422    0.0769   185.9197   475.2563    1.0128        0.2923
   lambda_pr[2]   -0.0424    1.0114    0.0630   257.7212   490.2905    1.0077        0.4051
   lambda_pr[3]    0.0801    0.9966    0.0582   293.9863   657.8556    1.0118        0.4621
   lambda_pr[4]   -0.0742    1.0156    0.0673   230.8278   354.6025    1.0121        0.3628
   lambda_pr[5]    0.0330    1.0440    0.0662   249.0986   468.2181    1.0118        0.3916
   lambda_pr[6]   -0.0559    0.9743    0.0535   336.5507   595.9046    1.0032        0.5290
   lambda_pr[7]    0.0697    0.9890    0.0603   269.5384   568.8591    1.0110        0.4237
   lambda_pr[8]   -0.0067    0.9762    0.0578   285.0162   654.7176    1.0102        0.4480
   lambda_pr[9]   -0.0562    0.9584    0.0584   270.0355   720.5564    1.0126        0.4245
  lambda_pr[10]    0.0116    0.9862    0.0563   306.7732   604.6939    1.0074        0.4822
  lambda_pr[11]   -0.0939    1.0236    0.0613   278.4353   612.0308    1.0119        0.4377
  lambda_pr[12]   -0.0200    1.0082    0.0681   220.0882   561.1966    1.0209        0.3460
  lambda_pr[13]   -0.0323    1.0139    0.0627   262.2814   430.8239    1.0100        0.4123
  lambda_pr[14]   -0.0316    0.9888    0.0572   300.3886   565.2781    1.0159        0.4722
  lambda_pr[15]    0.0086    0.9787    0.0574   291.6154   616.0237    1.0117        0.4584

Quantiles
     parameters      2.5%     25.0%     50.0%     75.0%     97.5%
         Symbol   Float64   Float64   Float64   Float64   Float64

        A_mu_pr   -1.9555   -0.6568    0.0032    0.6856    1.9827
        A_sigma    0.0706    0.4776    0.8528    1.1798    1.4462
    alpha_mu_pr   -1.8141   -0.6120    0.0026    0.6475    1.8862
    alpha_sigma    0.0411    0.3209    0.7487    1.1515    1.4760
     cons_mu_pr   -1.9968   -0.7282   -0.0892    0.5588    1.8594
     cons_sigma    0.0509    0.3882    0.7597    1.1746    1.4761
   lambda_mu_pr   -1.8731   -0.6266    0.0859    0.7698    2.0459
   lambda_sigma    0.0137    0.3597    0.7175    1.0762    1.4506
        A_pr[1]   -1.9433   -0.6819   -0.0397    0.6125    2.0970
        A_pr[2]   -1.8804   -0.6888   -0.0269    0.6254    1.8755
        A_pr[3]   -1.9559   -0.7856   -0.1253    0.5742    1.9740
        A_pr[4]   -2.0720   -0.8056   -0.1131    0.5909    1.8683
        A_pr[5]   -1.9386   -0.6499    0.0143    0.6914    1.9745
        A_pr[6]   -2.1811   -0.7323   -0.0356    0.6734    1.8948
        A_pr[7]   -1.8761   -0.6610    0.0077    0.6869    1.9009
        A_pr[8]   -1.8983   -0.6669   -0.0085    0.6275    1.9127
        A_pr[9]   -1.9426   -0.6545   -0.0025    0.6747    1.8292
       A_pr[10]   -1.8767   -0.6393   -0.0112    0.6474    1.9577
       A_pr[11]   -1.7241   -0.5529    0.0797    0.7404    1.9784
       A_pr[12]   -1.9535   -0.6925   -0.0405    0.6285    1.9135
       A_pr[13]   -1.8297   -0.6383    0.0382    0.6873    1.9627
       A_pr[14]   -1.9196   -0.6399    0.0145    0.7041    1.8522
       A_pr[15]   -2.2360   -0.7330   -0.0404    0.6354    1.9298
    alpha_pr[1]   -2.0209   -0.6414    0.0642    0.7247    2.0221
    alpha_pr[2]   -1.8770   -0.6373   -0.0218    0.6260    1.8985
    alpha_pr[3]   -1.8979   -0.6220    0.0304    0.6889    1.9798
    alpha_pr[4]   -1.8430   -0.5684    0.1224    0.8258    2.1509
    alpha_pr[5]   -2.0743   -0.7324   -0.0836    0.5787    1.9311
    alpha_pr[6]   -1.9303   -0.6458    0.0866    0.8272    2.0607
    alpha_pr[7]   -1.9010   -0.6393    0.0372    0.6998    1.9750
    alpha_pr[8]   -2.0306   -0.7598   -0.1417    0.5163    1.8138
    alpha_pr[9]   -1.8990   -0.6736    0.0374    0.7533    1.9542
   alpha_pr[10]   -1.7944   -0.6321    0.0008    0.6462    2.0314
   alpha_pr[11]   -1.9659   -0.7386   -0.0584    0.6332    1.9148
   alpha_pr[12]   -2.0081   -0.7334   -0.0297    0.6798    2.0003
   alpha_pr[13]   -1.9465   -0.7037   -0.0377    0.7108    2.1799
   alpha_pr[14]   -1.9305   -0.7352   -0.0909    0.6138    2.0131
   alpha_pr[15]   -2.0711   -0.7261   -0.0446    0.6406    1.9870
     cons_pr[1]   -1.9197   -0.6739    0.0256    0.6756    1.8630
     cons_pr[2]   -1.9473   -0.8138   -0.1560    0.5252    1.7725
     cons_pr[3]   -1.8005   -0.5654    0.1127    0.7557    2.0533
     cons_pr[4]   -1.9097   -0.5472    0.1223    0.7801    2.0011
     cons_pr[5]   -1.8885   -0.6304    0.0162    0.6931    2.1153
     cons_pr[6]   -1.9005   -0.6702    0.0061    0.7057    2.0165
     cons_pr[7]   -1.8083   -0.6156   -0.0504    0.6192    1.9812
     cons_pr[8]   -1.8849   -0.6541   -0.0163    0.6393    1.9984
     cons_pr[9]   -2.1244   -0.8500   -0.2094    0.4718    1.8200
    cons_pr[10]   -1.9162   -0.7080   -0.0558    0.5986    1.8627
    cons_pr[11]   -1.8642   -0.6504    0.0482    0.7429    2.0985
    cons_pr[12]   -1.9337   -0.6154    0.1131    0.7790    1.9588
    cons_pr[13]   -1.9518   -0.6225   -0.0108    0.6753    1.9842
    cons_pr[14]   -1.9262   -0.7300   -0.0344    0.6394    1.9079
    cons_pr[15]   -1.8911   -0.6563    0.0198    0.6994    1.9072
   lambda_pr[1]   -2.0450   -0.7067   -0.0164    0.6392    2.0440
   lambda_pr[2]   -1.9674   -0.7374   -0.0490    0.6292    2.0505
   lambda_pr[3]   -1.8374   -0.6168    0.0718    0.7535    2.0317
   lambda_pr[4]   -2.1558   -0.7190   -0.0988    0.6373    1.8223
   lambda_pr[5]   -1.9432   -0.6585    0.0381    0.7434    2.0915
   lambda_pr[6]   -1.8679   -0.7179   -0.0846    0.5587    1.9469
   lambda_pr[7]   -1.9235   -0.5893    0.0671    0.7296    2.0085
   lambda_pr[8]   -1.9465   -0.6567   -0.0019    0.6701    1.8379
   lambda_pr[9]   -1.9185   -0.7372   -0.0505    0.5851    1.8371
  lambda_pr[10]   -1.8925   -0.6740   -0.0023    0.6827    1.9466
  lambda_pr[11]   -2.0470   -0.7888   -0.1187    0.6076    1.9299
  lambda_pr[12]   -1.9767   -0.7264   -0.0015    0.6798    1.8781
  lambda_pr[13]   -2.0375   -0.7019   -0.0242    0.6670    1.9265
  lambda_pr[14]   -1.9452   -0.7098   -0.0341    0.6213    1.9792
  lambda_pr[15]   -1.9147   -0.6316    0.0056    0.6778    1.9303

     parameters      mean       std      mcse   ess_bulk   ess_tail      rhat   ess_per_sec
         Symbol   Float64   Float64   Float64    Float64    Float64   Float64       Float64

        A_mu_pr    0.0139    0.9958    0.0566   311.3479   721.5833    1.0080        0.4894
        A_sigma    0.8231    0.4106    0.0435    85.3815   161.6267    1.0247        0.1342
    alpha_mu_pr    0.0207    0.9464    0.0612   242.4706   495.0727    1.0281        0.3811
    alpha_sigma    0.7442    0.4574    0.0557    65.7248   164.9945    1.0757        0.1033
     cons_mu_pr   -0.0823    0.9779    0.0596   268.2286   558.5158    1.0141        0.4216
     cons_sigma    0.7753    0.4451    0.0472    90.4651   175.0592    1.0407        0.1422
   lambda_mu_pr    0.0759    0.9981    0.0637   245.2835   495.8735    1.0170        0.3856
   lambda_sigma    0.7179    0.4265    0.0434    82.6845    86.9377    1.0492        0.1300
        A_pr[1]   -0.0170    1.0160    0.0595   294.9407   415.5572    1.0117        0.4636
        A_pr[2]   -0.0293    0.9747    0.0683   204.7099   583.9314    1.0277        0.3218
        A_pr[3]   -0.0905    0.9994    0.0610   268.9215   577.5764    1.0156        0.4227
        A_pr[4]   -0.1123    1.0092    0.0630   256.1761   596.6039    1.0133        0.4027
        A_pr[5]    0.0136    0.9974    0.0607   273.8146   537.6700    1.0271        0.4304
        A_pr[6]   -0.0469    1.0381    0.0623   283.7529   321.8499    1.0131        0.4460
        A_pr[7]    0.0099    0.9811    0.0586   280.0615   560.5396    1.0170        0.4402
        A_pr[8]   -0.0078    0.9771    0.0555   310.6474   399.8565    1.0182        0.4883
        A_pr[9]   -0.0011    0.9682    0.0597   263.1611   429.2590    1.0153        0.4137
       A_pr[10]    0.0070    0.9790    0.0603   263.3869   530.3813    1.0172        0.4140
       A_pr[11]    0.0865    0.9449    0.0512   338.9978   653.1548    1.0165        0.5329
       A_pr[12]   -0.0280    0.9853    0.0608   261.2055   753.1164    1.0127        0.4106
       A_pr[13]    0.0398    0.9788    0.0614   253.5432   517.7417    1.0069        0.3986
       A_pr[14]    0.0103    0.9750    0.0730   183.0635   451.5710    1.0360        0.2878
       A_pr[15]   -0.0701    1.0414    0.0680   235.1054   445.0717    1.0045        0.3696
    alpha_pr[1]    0.0285    1.0215    0.0675   229.2303   556.9594    1.0120        0.3603
    alpha_pr[2]   -0.0015    0.9797    0.0583   283.0215   610.3171    1.0023        0.4449
    alpha_pr[3]    0.0350    0.9897    0.0616   258.4881   409.2857    1.0122        0.4063
    alpha_pr[4]    0.1304    1.0231    0.0765   181.0102   161.4993    1.0225        0.2845
    alpha_pr[5]   -0.0791    1.0128    0.0598   287.5509   672.0962    1.0135        0.4520
    alpha_pr[6]    0.0777    1.0410    0.0687   230.4705   600.4036    1.0091        0.3623
    alpha_pr[7]    0.0304    0.9923    0.0598   275.4262   602.8798    1.0156        0.4329
    alpha_pr[8]   -0.1197    0.9637    0.0617   246.5127   479.3770    1.0137        0.3875
    alpha_pr[9]    0.0368    1.0113    0.0572   313.3775   641.5483    1.0060        0.4926
   alpha_pr[10]    0.0234    0.9677    0.0590   270.0336   502.1949    1.0139        0.4245
   alpha_pr[11]   -0.0433    0.9988    0.0663   228.0153   656.2160    1.0165        0.3584
   alpha_pr[12]   -0.0223    1.0216    0.0622   269.5640   518.9876    1.0113        0.4237
   alpha_pr[13]    0.0154    1.0501    0.0684   238.2400   627.3902    1.0081        0.3745
   alpha_pr[14]   -0.0424    1.0077    0.0647   246.1566   466.2033    1.0210        0.3869
   alpha_pr[15]   -0.0306    1.0292    0.0706   212.4363   451.7201    1.0163        0.3339
     cons_pr[1]   -0.0013    0.9817    0.0623   248.3504   624.6484    1.0106        0.3904
     cons_pr[2]   -0.1377    0.9658    0.0589   268.9504   589.2890    1.0138        0.4228
     cons_pr[3]    0.1015    0.9856    0.0617   253.7636   567.8946    1.0226        0.3989
     cons_pr[4]    0.1134    0.9961    0.0608   269.2168   572.8525    1.0114        0.4232
     cons_pr[5]    0.0396    1.0171    0.0672   230.8801   442.7496    1.0084        0.3629
     cons_pr[6]    0.0243    1.0022    0.0664   227.7118   564.8540    1.0144        0.3579
     cons_pr[7]    0.0071    0.9563    0.0589   264.9131   473.0240    1.0093        0.4164
     cons_pr[8]    0.0006    0.9714    0.0529   337.6567   688.6254    1.0108        0.5308
     cons_pr[9]   -0.1895    1.0017    0.0621   261.2373   703.6870    1.0303        0.4106
    cons_pr[10]   -0.0465    0.9701    0.0551   311.3649   634.3192    1.0136        0.4894
    cons_pr[11]    0.0530    1.0238    0.0617   274.8175   593.9566    1.0220        0.4320
    cons_pr[12]    0.0732    1.0201    0.0581   313.8638   601.1766    1.0054        0.4934
    cons_pr[13]    0.0116    0.9971    0.0672   222.1423   508.8532    1.0142        0.3492
    cons_pr[14]   -0.0427    0.9940    0.0599   276.1994   681.1104    1.0079        0.4342
    cons_pr[15]    0.0202    0.9806    0.0632   239.8524   550.9616    1.0098        0.3770
   lambda_pr[1]   -0.0223    1.0422    0.0769   185.9197   475.2563    1.0128        0.2923
   lambda_pr[2]   -0.0424    1.0114    0.0630   257.7212   490.2905    1.0077        0.4051
   lambda_pr[3]    0.0801    0.9966    0.0582   293.9863   657.8556    1.0118        0.4621
   lambda_pr[4]   -0.0742    1.0156    0.0673   230.8278   354.6025    1.0121        0.3628
   lambda_pr[5]    0.0330    1.0440    0.0662   249.0986   468.2181    1.0118        0.3916
   lambda_pr[6]   -0.0559    0.9743    0.0535   336.5507   595.9046    1.0032        0.5290
   lambda_pr[7]    0.0697    0.9890    0.0603   269.5384   568.8591    1.0110        0.4237
   lambda_pr[8]   -0.0067    0.9762    0.0578   285.0162   654.7176    1.0102        0.4480
   lambda_pr[9]   -0.0562    0.9584    0.0584   270.0355   720.5564    1.0126        0.4245
  lambda_pr[10]    0.0116    0.9862    0.0563   306.7732   604.6939    1.0074        0.4822
  lambda_pr[11]   -0.0939    1.0236    0.0613   278.4353   612.0308    1.0119        0.4377
  lambda_pr[12]   -0.0200    1.0082    0.0681   220.0882   561.1966    1.0209        0.3460
  lambda_pr[13]   -0.0323    1.0139    0.0627   262.2814   430.8239    1.0100        0.4123
  lambda_pr[14]   -0.0316    0.9888    0.0572   300.3886   565.2781    1.0159        0.4722
  lambda_pr[15]    0.0086    0.9787    0.0574   291.6154   616.0237    1.0117        0.4584
HPD
     parameters     lower     upper
         Symbol   Float64   Float64

        A_mu_pr   -1.8698    2.0503
        A_sigma    0.1178    1.4750
    alpha_mu_pr   -1.7174    1.9353
    alpha_sigma    0.0573    1.4870
     cons_mu_pr   -2.0025    1.8500
     cons_sigma    0.0927    1.4939
   lambda_mu_pr   -1.9078    1.9918
   lambda_sigma    0.0004    1.4002
        A_pr[1]   -1.9827    2.0468
        A_pr[2]   -1.8851    1.8622
        A_pr[3]   -1.9906    1.8905
        A_pr[4]   -2.0093    1.9009
        A_pr[5]   -1.8666    2.0299
        A_pr[6]   -2.0910    1.9346
        A_pr[7]   -1.9040    1.8573
        A_pr[8]   -1.8981    1.9157
        A_pr[9]   -1.8966    1.8721
       A_pr[10]   -2.0000    1.8244
       A_pr[11]   -1.8099    1.8571
       A_pr[12]   -1.8776    1.9631
       A_pr[13]   -1.7929    1.9844
       A_pr[14]   -1.9069    1.8546
       A_pr[15]   -2.3075    1.8410
    alpha_pr[1]   -2.1604    1.8529
    alpha_pr[2]   -1.8804    1.8981
    alpha_pr[3]   -1.8901    1.9824
    alpha_pr[4]   -1.7624    2.2102
    alpha_pr[5]   -2.1672    1.8117
    alpha_pr[6]   -1.9826    1.9922
    alpha_pr[7]   -1.8741    1.9914
    alpha_pr[8]   -2.0596    1.7771
    alpha_pr[9]   -1.9015    1.9489
   alpha_pr[10]   -1.8248    1.9439
   alpha_pr[11]   -2.0026    1.8446
   alpha_pr[12]   -2.0281    1.9773
   alpha_pr[13]   -1.9234    2.1972
   alpha_pr[14]   -1.9679    1.9612
   alpha_pr[15]   -1.9795    2.0703
     cons_pr[1]   -2.0040    1.7621
     cons_pr[2]   -2.0041    1.6677
     cons_pr[3]   -1.8973    1.9483
     cons_pr[4]   -1.9438    1.9632
     cons_pr[5]   -1.9421    2.0302
     cons_pr[6]   -1.8114    2.0700
     cons_pr[7]   -1.7821    1.9985
     cons_pr[8]   -1.8624    2.0211
     cons_pr[9]   -2.1115    1.8299
    cons_pr[10]   -1.8806    1.8851
    cons_pr[11]   -1.9188    2.0167
    cons_pr[12]   -1.8811    2.0040
    cons_pr[13]   -1.9167    2.0076
    cons_pr[14]   -1.9651    1.8347
    cons_pr[15]   -1.8383    1.9381
   lambda_pr[1]   -2.0851    1.9971
   lambda_pr[2]   -2.1297    1.8836
   lambda_pr[3]   -1.8384    2.0316
   lambda_pr[4]   -1.9497    1.9633
   lambda_pr[5]   -1.9102    2.1152
   lambda_pr[6]   -1.9478    1.8419
   lambda_pr[7]   -1.8980    2.0213
   lambda_pr[8]   -1.9463    1.8402
   lambda_pr[9]   -1.9436    1.7963
  lambda_pr[10]   -1.8551    1.9610
  lambda_pr[11]   -2.0349    1.9410
  lambda_pr[12]   -1.9916    1.8693
  lambda_pr[13]   -2.0669    1.8602
  lambda_pr[14]   -1.9754    1.9083
  lambda_pr[15]   -1.9541    1.8763
