Chains MCMC chain (1000×78×4 Array{Float64, 3}):

Iterations        = 1:1:1000
Number of chains  = 4
Samples per chain = 1000
Wall duration     = 191.06 seconds
Compute duration  = 689.39 seconds
parameters        = A_mu_pr, A_sigma, alpha_mu_pr, alpha_sigma, cons_mu_pr, cons_sigma, lambda_mu_pr, lambda_sigma, A_pr[1], A_pr[2], A_pr[3], A_pr[4], A_pr[5], A_pr[6], A_pr[7], A_pr[8], A_pr[9], A_pr[10], A_pr[11], A_pr[12], A_pr[13], A_pr[14], A_pr[15], alpha_pr[1], alpha_pr[2], alpha_pr[3], alpha_pr[4], alpha_pr[5], alpha_pr[6], alpha_pr[7], alpha_pr[8], alpha_pr[9], alpha_pr[10], alpha_pr[11], alpha_pr[12], alpha_pr[13], alpha_pr[14], alpha_pr[15], cons_pr[1], cons_pr[2], cons_pr[3], cons_pr[4], cons_pr[5], cons_pr[6], cons_pr[7], cons_pr[8], cons_pr[9], cons_pr[10], cons_pr[11], cons_pr[12], cons_pr[13], cons_pr[14], cons_pr[15], lambda_pr[1], lambda_pr[2], lambda_pr[3], lambda_pr[4], lambda_pr[5], lambda_pr[6], lambda_pr[7], lambda_pr[8], lambda_pr[9], lambda_pr[10], lambda_pr[11], lambda_pr[12], lambda_pr[13], lambda_pr[14], lambda_pr[15]
internals         = lp, n_steps, is_accept, acceptance_rate, log_density, hamiltonian_energy, hamiltonian_energy_error, numerical_error, step_size, nom_step_size

Summary Statistics
     parameters      mean       std      mcse   ess_bulk   ess_tail      rhat   ess_per_sec
         Symbol   Float64   Float64   Float64    Float64    Float64   Float64       Float64

        A_mu_pr    0.0109    0.9519    0.0554   298.6211   763.5432    1.0111        0.4332
        A_sigma    0.8327    0.4346    0.0471    77.1273   125.4502    1.0408        0.1119
    alpha_mu_pr   -0.0760    0.9947    0.0614   262.2527   565.6596    1.0179        0.3804
    alpha_sigma    0.7347    0.4586    0.0605    57.9267   100.3554    1.0884        0.0840
     cons_mu_pr    0.0912    0.9415    0.0500   356.0090   710.1533    1.0215        0.5164
     cons_sigma    0.7813    0.4382    0.0609    47.3800    66.3497    1.0594        0.0687
   lambda_mu_pr    0.0421    0.9815    0.0579   287.9610   619.7904    1.0219        0.4177
   lambda_sigma    0.7372    0.4238    0.0428    93.5858   177.5922    1.0591        0.1358
        A_pr[1]   -0.0322    0.9753    0.0563   301.0528   673.9083    1.0044        0.4367
        A_pr[2]   -0.0572    1.0518    0.0693   231.1881   614.2294    1.0064        0.3354
        A_pr[3]    0.0707    1.0309    0.0631   268.8704   538.8389    1.0203        0.3900
        A_pr[4]   -0.1202    1.0421    0.0702   219.8826   456.5429    1.0106        0.3190
        A_pr[5]   -0.0231    1.0411    0.0662   247.6043   497.7576    1.0307        0.3592
        A_pr[6]   -0.1287    1.0285    0.0621   273.7579   535.0383    1.0163        0.3971
        A_pr[7]   -0.0516    1.0449    0.0731   200.9742   472.7991    1.0134        0.2915
        A_pr[8]    0.0129    1.0254    0.0624   271.6928   388.8249    1.0176        0.3941
        A_pr[9]    0.0970    0.9864    0.0642   236.9527   443.5851    1.0171        0.3437
       A_pr[10]   -0.0022    1.0188    0.0641   253.8903   483.9065    1.0177        0.3683
       A_pr[11]   -0.0181    1.0380    0.0609   290.3230   558.1504    1.0091        0.4211
       A_pr[12]    0.0917    0.9613    0.0607   252.1822   560.9201    1.0166        0.3658
       A_pr[13]    0.0970    0.9832    0.0563   306.1960   711.4226    1.0088        0.4442
       A_pr[14]    0.0469    1.0131    0.0608   280.8712   726.7574    1.0052        0.4074
       A_pr[15]   -0.0148    1.0239    0.0616   277.3228   704.2514    1.0149        0.4023
    alpha_pr[1]    0.1467    0.9697    0.0541   321.1656   635.9588    1.0081        0.4659
    alpha_pr[2]    0.0118    0.9257    0.0505   336.3926   648.0842    1.0072        0.4880
    alpha_pr[3]   -0.0411    1.0048    0.0642   245.1506   620.9930    1.0090        0.3556
    alpha_pr[4]    0.0060    1.0077    0.0600   281.9467   572.4916    1.0159        0.4090
    alpha_pr[5]   -0.1229    0.9798    0.0602   265.1546   562.1092    1.0200        0.3846
    alpha_pr[6]   -0.0185    0.9920    0.0592   280.1306   595.9487    1.0199        0.4063
    alpha_pr[7]    0.0189    0.9982    0.0617   261.7359   668.2595    1.0135        0.3797
    alpha_pr[8]   -0.0655    0.9722    0.0574   287.4040   540.1784    1.0187        0.4169
    alpha_pr[9]    0.0240    0.9623    0.0558   297.6074   501.7799    1.0107        0.4317
   alpha_pr[10]    0.0913    0.9958    0.0578   296.3019   593.1202    1.0173        0.4298
   alpha_pr[11]   -0.0037    1.0065    0.0614   270.1544   678.3116    1.0091        0.3919
   alpha_pr[12]    0.0983    1.0235    0.0667   236.1656   539.1186    1.0083        0.3426
   alpha_pr[13]    0.0446    0.9781    0.0663   216.8589   550.6094    1.0184        0.3146
   alpha_pr[14]   -0.0476    0.9881    0.0564   308.0241   565.5133    1.0065        0.4468
   alpha_pr[15]    0.0645    0.9749    0.0603   261.3347   631.1977    1.0070        0.3791
     cons_pr[1]   -0.0016    0.9698    0.0727   177.7125   522.2386    1.0168        0.2578
     cons_pr[2]    0.0302    1.0443    0.0657   253.4957   637.3543    1.0201        0.3677
     cons_pr[3]    0.0371    0.9585    0.0565   288.3262   691.4964    1.0190        0.4182
     cons_pr[4]   -0.0170    0.9822    0.0600   268.8354   692.7342    1.0111        0.3900
     cons_pr[5]   -0.0419    1.0369    0.0746   194.3301   639.2217    1.0342        0.2819
     cons_pr[6]   -0.0604    0.9741    0.0787   152.9775   534.4459    1.0389        0.2219
     cons_pr[7]    0.0310    1.0529    0.0659   254.7994   619.9656    1.0044        0.3696
     cons_pr[8]    0.0628    0.9692    0.0589   270.2559   538.6628    1.0054        0.3920
     cons_pr[9]    0.0315    0.9591    0.0585   270.4577   524.8019    1.0115        0.3923
    cons_pr[10]    0.0352    0.9694    0.0593   267.9209   648.5525    1.0134        0.3886
    cons_pr[11]    0.0139    1.0150    0.0661   239.9173   462.7550    1.0084        0.3480
    cons_pr[12]    0.0774    0.9899    0.0615   258.6705   594.8575    1.0208        0.3752
    cons_pr[13]   -0.0759    0.9541    0.0569   280.8481   559.9702    1.0191        0.4074
    cons_pr[14]    0.0184    1.0248    0.0637   258.6811   591.7079    1.0166        0.3752
    cons_pr[15]   -0.0271    1.0183    0.0617   273.5504   511.9835    1.0203        0.3968
   lambda_pr[1]    0.0192    1.0192    0.0661   238.6146   539.8734    1.0063        0.3461
   lambda_pr[2]   -0.0081    1.0070    0.0615   268.1791   588.4070    1.0158        0.3890
   lambda_pr[3]   -0.0040    0.9924    0.0626   252.3470   477.4259    1.0307        0.3660
   lambda_pr[4]    0.0965    0.9637    0.0574   280.9182   510.0530    1.0165        0.4075
   lambda_pr[5]   -0.0218    1.0056    0.0674   221.9946   378.3355    1.0240        0.3220
   lambda_pr[6]    0.0384    0.9623    0.0564   291.3416   553.6692    1.0231        0.4226
   lambda_pr[7]   -0.0727    0.9420    0.0539   305.6302   544.9809    1.0148        0.4433
   lambda_pr[8]    0.1005    1.0555    0.0660   255.7251   581.1513    1.0179        0.3709
   lambda_pr[9]   -0.0284    1.0139    0.0619   269.4329   511.7790    1.0178        0.3908
  lambda_pr[10]   -0.0287    0.9842    0.0627   249.2760   537.6264    1.0119        0.3616
  lambda_pr[11]   -0.0740    0.9939    0.0567   306.3504   693.0835    1.0207        0.4444
  lambda_pr[12]   -0.0524    0.9920    0.0541   338.5942   568.2090    1.0138        0.4912
  lambda_pr[13]    0.1198    1.0147    0.0649   245.1307   547.7025    1.0249        0.3556
  lambda_pr[14]    0.0702    0.9954    0.0672   221.9837   467.8248    1.0083        0.3220
  lambda_pr[15]    0.1118    0.9955    0.0598   277.8728   657.5410    1.0114        0.4031

Quantiles
     parameters      2.5%     25.0%     50.0%     75.0%     97.5%
         Symbol   Float64   Float64   Float64   Float64   Float64

        A_mu_pr   -1.8337   -0.6710    0.0342    0.7005    1.7886
        A_sigma    0.0755    0.4545    0.8658    1.2243    1.4838
    alpha_mu_pr   -1.9901   -0.7526   -0.0875    0.5990    1.9078
    alpha_sigma    0.0387    0.3161    0.7003    1.1545    1.4808
     cons_mu_pr   -1.8235   -0.5526    0.1286    0.7504    1.8173
     cons_sigma    0.0601    0.4007    0.7856    1.1633    1.4930
   lambda_mu_pr   -1.8227   -0.6407    0.0466    0.7208    1.9424
   lambda_sigma    0.0371    0.3861    0.7388    1.0839    1.4592
        A_pr[1]   -1.9458   -0.7060   -0.0168    0.6518    1.8093
        A_pr[2]   -2.1043   -0.7909   -0.0515    0.6620    2.0236
        A_pr[3]   -1.9171   -0.6284    0.0427    0.7440    2.1682
        A_pr[4]   -2.1235   -0.8191   -0.1355    0.5714    1.9491
        A_pr[5]   -1.9916   -0.7419   -0.0477    0.6911    1.9973
        A_pr[6]   -2.0956   -0.8212   -0.1429    0.5677    1.8998
        A_pr[7]   -2.0244   -0.7278   -0.0720    0.6235    2.0907
        A_pr[8]   -2.0853   -0.6579   -0.0065    0.6756    2.0413
        A_pr[9]   -1.7728   -0.5764    0.0995    0.7706    2.0249
       A_pr[10]   -1.9832   -0.6855   -0.0261    0.6791    2.0696
       A_pr[11]   -2.0944   -0.6981   -0.0334    0.6310    2.1117
       A_pr[12]   -1.7362   -0.5866    0.0710    0.7812    1.9046
       A_pr[13]   -1.8572   -0.5729    0.0912    0.7708    2.0325
       A_pr[14]   -1.8554   -0.6632   -0.0025    0.7788    2.0447
       A_pr[15]   -2.0096   -0.7134   -0.0206    0.6754    2.0336
    alpha_pr[1]   -1.7927   -0.5136    0.1380    0.8052    2.0664
    alpha_pr[2]   -1.8363   -0.6121    0.0246    0.6256    1.8694
    alpha_pr[3]   -2.0309   -0.7015   -0.0459    0.6402    1.9507
    alpha_pr[4]   -1.9665   -0.6918    0.0031    0.7236    1.9147
    alpha_pr[5]   -2.0160   -0.7674   -0.1184    0.5629    1.7747
    alpha_pr[6]   -1.9935   -0.6884   -0.0023    0.6518    1.8896
    alpha_pr[7]   -1.9363   -0.6471    0.0247    0.6979    1.9130
    alpha_pr[8]   -1.9286   -0.7312   -0.0701    0.5648    1.8686
    alpha_pr[9]   -1.8316   -0.6252   -0.0143    0.6534    1.9371
   alpha_pr[10]   -1.8439   -0.5711    0.0960    0.7640    2.0694
   alpha_pr[11]   -1.9260   -0.6868   -0.0188    0.6544    2.0128
   alpha_pr[12]   -1.8906   -0.5965    0.0782    0.8050    2.0751
   alpha_pr[13]   -1.8248   -0.6188    0.0275    0.7147    1.9411
   alpha_pr[14]   -1.9852   -0.7103   -0.0730    0.5781    1.9639
   alpha_pr[15]   -1.7935   -0.6193    0.0531    0.7436    1.9381
     cons_pr[1]   -1.8981   -0.6626   -0.0366    0.6575    1.9096
     cons_pr[2]   -2.1047   -0.6559    0.0641    0.7566    1.9528
     cons_pr[3]   -1.8685   -0.6166    0.0730    0.6921    1.9450
     cons_pr[4]   -1.9087   -0.6903   -0.0296    0.6568    1.9204
     cons_pr[5]   -2.0919   -0.7589   -0.0160    0.6671    1.8765
     cons_pr[6]   -1.9911   -0.7266   -0.0685    0.6040    1.8718
     cons_pr[7]   -2.0467   -0.6520    0.0264    0.7214    2.0856
     cons_pr[8]   -1.8968   -0.6069    0.0861    0.7500    1.8631
     cons_pr[9]   -1.8223   -0.6106    0.0482    0.6897    1.9364
    cons_pr[10]   -1.8059   -0.6649    0.0313    0.7209    1.8781
    cons_pr[11]   -1.8424   -0.6876   -0.0232    0.6820    2.1206
    cons_pr[12]   -1.8073   -0.6077    0.0924    0.7287    2.0596
    cons_pr[13]   -1.9931   -0.7005   -0.1001    0.5558    1.8200
    cons_pr[14]   -1.9984   -0.6789    0.0301    0.7142    2.0148
    cons_pr[15]   -2.0089   -0.7081   -0.0113    0.6727    1.9607
   lambda_pr[1]   -2.0165   -0.6717    0.0260    0.7136    1.9791
   lambda_pr[2]   -2.0133   -0.7091    0.0230    0.6986    1.9416
   lambda_pr[3]   -1.8445   -0.6980   -0.0080    0.6776    1.9852
   lambda_pr[4]   -1.7828   -0.5558    0.0698    0.7368    2.0070
   lambda_pr[5]   -2.0052   -0.7218    0.0099    0.6810    1.8802
   lambda_pr[6]   -1.8533   -0.6258    0.0322    0.6953    1.9261
   lambda_pr[7]   -1.9021   -0.6855   -0.0869    0.5432    1.7829
   lambda_pr[8]   -1.9667   -0.6193    0.1015    0.8030    2.1870
   lambda_pr[9]   -2.1281   -0.6914   -0.0011    0.6823    1.8574
  lambda_pr[10]   -2.0169   -0.6760   -0.0107    0.6546    1.8355
  lambda_pr[11]   -2.0027   -0.7721   -0.0596    0.5843    1.9441
  lambda_pr[12]   -1.9862   -0.7071   -0.0554    0.5736    1.9674
  lambda_pr[13]   -1.8218   -0.5686    0.1365    0.8185    2.0536
  lambda_pr[14]   -1.7971   -0.6118    0.0501    0.7312    2.1130
  lambda_pr[15]   -1.8172   -0.5564    0.1040    0.7989    2.0725

     parameters      mean       std      mcse   ess_bulk   ess_tail      rhat   ess_per_sec
         Symbol   Float64   Float64   Float64    Float64    Float64   Float64       Float64

        A_mu_pr    0.0109    0.9519    0.0554   298.6211   763.5432    1.0111        0.4332
        A_sigma    0.8327    0.4346    0.0471    77.1273   125.4502    1.0408        0.1119
    alpha_mu_pr   -0.0760    0.9947    0.0614   262.2527   565.6596    1.0179        0.3804
    alpha_sigma    0.7347    0.4586    0.0605    57.9267   100.3554    1.0884        0.0840
     cons_mu_pr    0.0912    0.9415    0.0500   356.0090   710.1533    1.0215        0.5164
     cons_sigma    0.7813    0.4382    0.0609    47.3800    66.3497    1.0594        0.0687
   lambda_mu_pr    0.0421    0.9815    0.0579   287.9610   619.7904    1.0219        0.4177
   lambda_sigma    0.7372    0.4238    0.0428    93.5858   177.5922    1.0591        0.1358
        A_pr[1]   -0.0322    0.9753    0.0563   301.0528   673.9083    1.0044        0.4367
        A_pr[2]   -0.0572    1.0518    0.0693   231.1881   614.2294    1.0064        0.3354
        A_pr[3]    0.0707    1.0309    0.0631   268.8704   538.8389    1.0203        0.3900
        A_pr[4]   -0.1202    1.0421    0.0702   219.8826   456.5429    1.0106        0.3190
        A_pr[5]   -0.0231    1.0411    0.0662   247.6043   497.7576    1.0307        0.3592
        A_pr[6]   -0.1287    1.0285    0.0621   273.7579   535.0383    1.0163        0.3971
        A_pr[7]   -0.0516    1.0449    0.0731   200.9742   472.7991    1.0134        0.2915
        A_pr[8]    0.0129    1.0254    0.0624   271.6928   388.8249    1.0176        0.3941
        A_pr[9]    0.0970    0.9864    0.0642   236.9527   443.5851    1.0171        0.3437
       A_pr[10]   -0.0022    1.0188    0.0641   253.8903   483.9065    1.0177        0.3683
       A_pr[11]   -0.0181    1.0380    0.0609   290.3230   558.1504    1.0091        0.4211
       A_pr[12]    0.0917    0.9613    0.0607   252.1822   560.9201    1.0166        0.3658
       A_pr[13]    0.0970    0.9832    0.0563   306.1960   711.4226    1.0088        0.4442
       A_pr[14]    0.0469    1.0131    0.0608   280.8712   726.7574    1.0052        0.4074
       A_pr[15]   -0.0148    1.0239    0.0616   277.3228   704.2514    1.0149        0.4023
    alpha_pr[1]    0.1467    0.9697    0.0541   321.1656   635.9588    1.0081        0.4659
    alpha_pr[2]    0.0118    0.9257    0.0505   336.3926   648.0842    1.0072        0.4880
    alpha_pr[3]   -0.0411    1.0048    0.0642   245.1506   620.9930    1.0090        0.3556
    alpha_pr[4]    0.0060    1.0077    0.0600   281.9467   572.4916    1.0159        0.4090
    alpha_pr[5]   -0.1229    0.9798    0.0602   265.1546   562.1092    1.0200        0.3846
    alpha_pr[6]   -0.0185    0.9920    0.0592   280.1306   595.9487    1.0199        0.4063
    alpha_pr[7]    0.0189    0.9982    0.0617   261.7359   668.2595    1.0135        0.3797
    alpha_pr[8]   -0.0655    0.9722    0.0574   287.4040   540.1784    1.0187        0.4169
    alpha_pr[9]    0.0240    0.9623    0.0558   297.6074   501.7799    1.0107        0.4317
   alpha_pr[10]    0.0913    0.9958    0.0578   296.3019   593.1202    1.0173        0.4298
   alpha_pr[11]   -0.0037    1.0065    0.0614   270.1544   678.3116    1.0091        0.3919
   alpha_pr[12]    0.0983    1.0235    0.0667   236.1656   539.1186    1.0083        0.3426
   alpha_pr[13]    0.0446    0.9781    0.0663   216.8589   550.6094    1.0184        0.3146
   alpha_pr[14]   -0.0476    0.9881    0.0564   308.0241   565.5133    1.0065        0.4468
   alpha_pr[15]    0.0645    0.9749    0.0603   261.3347   631.1977    1.0070        0.3791
     cons_pr[1]   -0.0016    0.9698    0.0727   177.7125   522.2386    1.0168        0.2578
     cons_pr[2]    0.0302    1.0443    0.0657   253.4957   637.3543    1.0201        0.3677
     cons_pr[3]    0.0371    0.9585    0.0565   288.3262   691.4964    1.0190        0.4182
     cons_pr[4]   -0.0170    0.9822    0.0600   268.8354   692.7342    1.0111        0.3900
     cons_pr[5]   -0.0419    1.0369    0.0746   194.3301   639.2217    1.0342        0.2819
     cons_pr[6]   -0.0604    0.9741    0.0787   152.9775   534.4459    1.0389        0.2219
     cons_pr[7]    0.0310    1.0529    0.0659   254.7994   619.9656    1.0044        0.3696
     cons_pr[8]    0.0628    0.9692    0.0589   270.2559   538.6628    1.0054        0.3920
     cons_pr[9]    0.0315    0.9591    0.0585   270.4577   524.8019    1.0115        0.3923
    cons_pr[10]    0.0352    0.9694    0.0593   267.9209   648.5525    1.0134        0.3886
    cons_pr[11]    0.0139    1.0150    0.0661   239.9173   462.7550    1.0084        0.3480
    cons_pr[12]    0.0774    0.9899    0.0615   258.6705   594.8575    1.0208        0.3752
    cons_pr[13]   -0.0759    0.9541    0.0569   280.8481   559.9702    1.0191        0.4074
    cons_pr[14]    0.0184    1.0248    0.0637   258.6811   591.7079    1.0166        0.3752
    cons_pr[15]   -0.0271    1.0183    0.0617   273.5504   511.9835    1.0203        0.3968
   lambda_pr[1]    0.0192    1.0192    0.0661   238.6146   539.8734    1.0063        0.3461
   lambda_pr[2]   -0.0081    1.0070    0.0615   268.1791   588.4070    1.0158        0.3890
   lambda_pr[3]   -0.0040    0.9924    0.0626   252.3470   477.4259    1.0307        0.3660
   lambda_pr[4]    0.0965    0.9637    0.0574   280.9182   510.0530    1.0165        0.4075
   lambda_pr[5]   -0.0218    1.0056    0.0674   221.9946   378.3355    1.0240        0.3220
   lambda_pr[6]    0.0384    0.9623    0.0564   291.3416   553.6692    1.0231        0.4226
   lambda_pr[7]   -0.0727    0.9420    0.0539   305.6302   544.9809    1.0148        0.4433
   lambda_pr[8]    0.1005    1.0555    0.0660   255.7251   581.1513    1.0179        0.3709
   lambda_pr[9]   -0.0284    1.0139    0.0619   269.4329   511.7790    1.0178        0.3908
  lambda_pr[10]   -0.0287    0.9842    0.0627   249.2760   537.6264    1.0119        0.3616
  lambda_pr[11]   -0.0740    0.9939    0.0567   306.3504   693.0835    1.0207        0.4444
  lambda_pr[12]   -0.0524    0.9920    0.0541   338.5942   568.2090    1.0138        0.4912
  lambda_pr[13]    0.1198    1.0147    0.0649   245.1307   547.7025    1.0249        0.3556
  lambda_pr[14]    0.0702    0.9954    0.0672   221.9837   467.8248    1.0083        0.3220
  lambda_pr[15]    0.1118    0.9955    0.0598   277.8728   657.5410    1.0114        0.4031
HPD
     parameters     lower     upper
         Symbol   Float64   Float64

        A_mu_pr   -1.7698    1.8207
        A_sigma    0.1182    1.4990
    alpha_mu_pr   -1.9371    1.9485
    alpha_sigma    0.0714    1.4982
     cons_mu_pr   -1.7292    1.8805
     cons_sigma    0.0919    1.4991
   lambda_mu_pr   -1.7332    2.0146
   lambda_sigma    0.0124    1.4172
        A_pr[1]   -1.8794    1.8650
        A_pr[2]   -2.2026    1.9171
        A_pr[3]   -1.8637    2.2118
        A_pr[4]   -2.0950    1.9694
        A_pr[5]   -1.9126    2.0384
        A_pr[6]   -2.1824    1.8065
        A_pr[7]   -2.0731    2.0243
        A_pr[8]   -1.9738    2.1054
        A_pr[9]   -1.7771    2.0211
       A_pr[10]   -1.9192    2.0990
       A_pr[11]   -2.1161    2.0534
       A_pr[12]   -1.6814    1.9267
       A_pr[13]   -1.7342    2.1241
       A_pr[14]   -1.9033    1.9832
       A_pr[15]   -2.0448    1.9933
    alpha_pr[1]   -1.8005    2.0425
    alpha_pr[2]   -1.8274    1.8721
    alpha_pr[3]   -1.8679    2.0521
    alpha_pr[4]   -2.0311    1.8578
    alpha_pr[5]   -1.9900    1.7866
    alpha_pr[6]   -1.9313    1.9204
    alpha_pr[7]   -1.9421    1.8866
    alpha_pr[8]   -1.9463    1.8318
    alpha_pr[9]   -1.8235    1.9410
   alpha_pr[10]   -1.8745    2.0000
   alpha_pr[11]   -1.9368    1.9925
   alpha_pr[12]   -1.8378    2.1026
   alpha_pr[13]   -1.7805    1.9762
   alpha_pr[14]   -1.9714    1.9736
   alpha_pr[15]   -1.8089    1.9148
     cons_pr[1]   -1.9261    1.8735
     cons_pr[2]   -2.0632    1.9825
     cons_pr[3]   -1.8439    1.9676
     cons_pr[4]   -2.0101    1.7999
     cons_pr[5]   -2.1040    1.8692
     cons_pr[6]   -1.8656    1.9353
     cons_pr[7]   -2.1112    2.0085
     cons_pr[8]   -1.8619    1.8882
     cons_pr[9]   -1.8334    1.9183
    cons_pr[10]   -1.8388    1.8071
    cons_pr[11]   -1.8279    2.1229
    cons_pr[12]   -1.8383    2.0059
    cons_pr[13]   -2.0223    1.7597
    cons_pr[14]   -2.0771    1.9334
    cons_pr[15]   -1.9194    2.0216
   lambda_pr[1]   -1.9647    2.0216
   lambda_pr[2]   -1.9966    1.9537
   lambda_pr[3]   -1.8855    1.9417
   lambda_pr[4]   -1.6199    2.1214
   lambda_pr[5]   -2.0733    1.8061
   lambda_pr[6]   -1.7425    2.0280
   lambda_pr[7]   -1.8240    1.8371
   lambda_pr[8]   -2.0701    2.0506
   lambda_pr[9]   -2.0502    1.8985
  lambda_pr[10]   -1.9780    1.8471
  lambda_pr[11]   -2.0612    1.8866
  lambda_pr[12]   -1.9438    1.9796
  lambda_pr[13]   -1.8227    2.0460
  lambda_pr[14]   -1.8834    1.9992
  lambda_pr[15]   -1.7731    2.0985
